2.778571428571428470e+00
2.649999999999999911e+00
3.021428571428571352e+00
3.507788944723617686e+00
3.874300071787509125e+00
4.205096913137113646e+00
4.428750897343861403e+00
4.680976310122038520e+00
4.847487437185928449e+00
5.013998564249820156e+00
5.173366834170852968e+00
5.239877961234745030e+00
5.349246231155778020e+00
5.401471643933954070e+00
5.475125628140703249e+00
5.513065326633165064e+00
5.551005025125626879e+00
5.588944723618088695e+00
5.626884422110551398e+00
5.614824120603014279e+00
5.652763819095476983e+00
5.640703517587938975e+00
5.628643216080400968e+00
5.616582914572863849e+00
5.604522613065325842e+00
5.592462311557787835e+00
5.580402010050250716e+00
5.518341708542711999e+00
5.556281407035175590e+00
5.494221105527637761e+00
5.482160804020098865e+00
5.420100502512561924e+00
5.408040201005023917e+00
5.395979899497485910e+00
5.333919597989948969e+00
5.321859296482410961e+00
5.259798994974874020e+00
5.247738693467336901e+00
5.185678391959799072e+00
5.152189519023689712e+00
5.161557788944723058e+00
5.106640344580043234e+00
4.951722900215361989e+00
5.018234027279252274e+00
5.006173725771715155e+00
4.972684852835605795e+00
4.917767408470925972e+00
4.898564249820530847e+00
4.865075376884421487e+00
4.853015075376884369e+00
4.833811916726489244e+00
4.750323043790380062e+00
4.745405599425700061e+00
4.704773869346732695e+00
4.642713567839195754e+00
4.630653266331657747e+00
4.640021536252691092e+00
4.556532663316581910e+00
4.523043790380473439e+00
4.525269203158649667e+00
4.741780330222541195e+00
4.429720028715003366e+00
4.396231155778894895e+00
4.362742282842785535e+00
4.350681981335247528e+00
4.288621679827709698e+00
4.383704235463030230e+00
4.235929648241206102e+00
4.223869346733668095e+00
4.361809045226130443e+00
4.171177315147164499e+00
4.137688442211056028e+00
4.104199569274945780e+00
4.063567839195980191e+00
4.051507537688442184e+00
4.039447236180904177e+00
4.027386934673367058e+00
3.965326633165829229e+00
3.953266331658292110e+00
3.912634601579326077e+00
3.879145728643216273e+00
3.845656855707107358e+00
3.833596554199569351e+00
3.821536252692031788e+00
3.809475951184493780e+00
3.768844221105527748e+00
3.735355348169418832e+00
3.716152189519023707e+00
3.704091888011486589e+00
3.670603015075377229e+00
3.637114142139267869e+00
3.625053840631730750e+00
3.605850681981335182e+00
3.593790380473797619e+00
3.581730078966259612e+00
3.548241206030151140e+00
3.536180904522613133e+00
3.502692031586504218e+00
3.462060301507537741e+00
3.450000000000000622e+00
3.437939698492462615e+00
3.404450825556353699e+00
3.392390524048815692e+00
3.373187365398421012e+00
3.361127063890883004e+00
3.327638190954774089e+00
3.315577889447236082e+00
3.282089016511127166e+00
3.248600143575018251e+00
3.257968413496051596e+00
3.231622397702799354e+00
3.205276381909548000e+00
3.193216080402010881e+00
3.181155778894472430e+00
3.169095477386934867e+00
3.157035175879397304e+00
3.123546302943288389e+00
3.111486001435750381e+00
3.099425699928212374e+00
3.080222541277817694e+00
3.068162239770280131e+00
3.056101938262742124e+00
3.044041636755204117e+00
3.010552763819095645e+00
2.998492462311558082e+00
2.986432160804019631e+00
2.974371859296482068e+00
2.962311557788944949e+00
2.928822684852836034e+00
2.916762383345297582e+00
2.904702081837760019e+00
2.871213208901651548e+00
2.880581478822685337e+00
2.861378320172289769e+00
2.849318018664752206e+00
2.837257717157214643e+00
2.825197415649677524e+00
2.813137114142139072e+00
2.801076812634601509e+00
2.767587939698492594e+00
2.755527638190955475e+00
2.743467336683417024e+00
2.731407035175879461e+00
2.719346733668341898e+00
2.707286432160804779e+00
2.695226130653266328e+00
2.683165829145728765e+00
2.671105527638191202e+00
2.709045226130653461e+00
2.646984924623115631e+00
2.613496051687006716e+00
2.601435750179469153e+00
2.589375448671931590e+00
2.577315147164393139e+00
2.586683417085427372e+00
2.574623115577889809e+00
2.562562814070352246e+00
2.550502512562813795e+00
2.538442211055276676e+00
2.526381909547738669e+00
2.492893036611629753e+00
2.480832735104091746e+00
2.468772433596554627e+00
2.456712132089016620e+00
2.437508973438621496e+00
2.425448671931083489e+00
2.413388370423546370e+00
2.401328068916008363e+00
2.367839195979899003e+00
2.355778894472361884e+00
2.343718592964823877e+00
2.331658291457286758e+00
2.319597989949748751e+00
2.286109117013639391e+00
2.274048815506102272e+00
2.261988513998564265e+00
2.242785355348169141e+00
2.209296482412059781e+00
2.197236180904522662e+00
2.185175879396985099e+00
2.151687006460875740e+00
2.132483847810480615e+00
2.098994974874372144e+00
2.065506101938263228e+00
2.024874371859296307e+00
1.991385498923186947e+00
1.950753768844221359e+00
1.917264895908112443e+00
1.876633165829145966e+00
1.814572864321607693e+00
1.752512562814070529e+00
1.690452261306532922e+00
1.606963388370423740e+00
1.516331658291456996e+00
1.404271356783919344e+00
1.270782483847810784e+00
1.108722182340272866e+00
8.895190236898777858e-01
5.346015793251971404e-01
