4.814142997217271125e-01
3.290034324327365534e-01
3.130211365723176709e-01
3.070388407118986862e-01
3.060565448514798170e-01
3.000742489910609434e-01
2.990919531306419632e-01
2.931096572702230896e-01
2.921273614098041094e-01
2.861450655493852357e-01
2.801627696889662511e-01
2.791804738285473819e-01
2.731981779681283973e-01
2.722158821077095281e-01
2.662335862472906545e-01
2.652512903868716743e-01
2.592689945264526896e-01
2.582866986660338204e-01
2.523044028056149468e-01
2.513221069451959666e-01
2.453398110847771207e-01
2.443575152243581405e-01
2.383752193639392669e-01
2.373929235035202867e-01
2.314106276431014131e-01
2.304283317826824329e-01
2.244460359222635593e-01
2.234637400618445791e-01
2.224814442014256821e-01
2.164991483410068640e-01
2.155168524805878283e-01
2.095345566201688992e-01
2.085522607597500300e-01
2.025699648993311286e-01
2.015876690389121761e-01
2.006053731784932792e-01
1.946230773180743501e-01
1.936407814576554531e-01
1.876584855972365518e-01
1.866761897368175716e-01
1.856938938763986191e-01
1.797115980159797177e-01
1.787293021555607930e-01
1.727470062951418917e-01
1.717647104347229670e-01
1.707824145743040423e-01
1.648001187138851409e-01
1.638178228534662162e-01
1.628355269930473193e-01
1.618532311326283946e-01
1.608709352722094699e-01
1.548886394117905130e-01
1.539063435513716438e-01
1.479240476909526869e-01
1.469417518305338177e-01
1.459594559701148375e-01
1.449771601096959128e-01
1.389948642492770114e-01
1.380125683888581145e-01
1.370302725284391621e-01
1.360479766680202929e-01
1.300656808076013360e-01
1.290833849471824668e-01
1.281010890867635144e-01
1.271187932263445897e-01
1.211364973659256605e-01
1.251542015055067403e-01
1.191719056450878111e-01
1.181896097846689420e-01
1.122073139242499851e-01
1.162250180638310926e-01
1.102427222034122190e-01
1.092604263429932387e-01
1.082781304825743696e-01
1.072958346221554449e-01
1.063135387617365202e-01
1.053312429013175955e-01
9.934894704089866635e-02
9.836665118047974166e-02
9.738435532006081696e-02
9.640205945964189227e-02
9.541976359922302309e-02
9.443746773880404288e-02
9.345517187838511819e-02
9.247287601796619350e-02
8.649058015754731987e-02
8.550828429712839518e-02
8.452598843670947049e-02
8.354369257629054579e-02
8.256139671587162110e-02
8.157910085545271028e-02
8.059680499503379947e-02
7.961450913461487477e-02
7.863221327419595008e-02
7.764991741377699763e-02
7.666762155335812845e-02
7.568532569293917600e-02
6.970302983252027462e-02
6.872073397210133605e-02
6.773843811168245299e-02
6.675614225126351442e-02
6.577384639084460360e-02
6.479155053042567891e-02
6.380925467000678197e-02
6.282695880958782952e-02
6.184466294916893259e-02
6.086236708875000789e-02
5.988007122833109014e-02
4.389777536791215906e-02
5.791547950749322687e-02
5.693318364707432994e-02
5.595088778665540524e-02
5.496859192623651524e-02
5.398629606581754892e-02
5.300400020539865198e-02
5.202170434497972729e-02
5.103940848456083035e-02
5.005711262414187790e-02
4.907481676372293933e-02
4.809252090330405627e-02
4.711022504288517321e-02
4.612792918246620688e-02
4.514563332204728219e-02
4.416333746162838525e-02
4.318104160120947443e-02
4.219874574079049423e-02
4.121644988037160423e-02
4.023415401995272117e-02
3.925185815953381036e-02
3.826956229911483015e-02
3.728726643869594709e-02
2.630497057827704821e-02
3.532267471785813934e-02
3.434037885743915913e-02
3.335808299702027607e-02
3.237578713660135138e-02
3.139349127618246832e-02
3.041119541576348811e-02
2.942889955534459812e-02
2.844660369492568036e-02
2.746430783450679730e-02
2.648201197408781710e-02
2.549971611366890628e-02
2.451742025325000240e-02
2.353512439283111934e-02
2.255282853241214608e-02
2.157053267199323526e-02
2.058823681157433139e-02
2.460594095115541807e-02
1.862364509073647506e-02
1.764134923031755731e-02
1.665905336989866037e-02
1.567675750947974261e-02
1.469446164906076241e-02
1.871216578864188379e-02
1.772986992822298685e-02
1.674757406780407604e-02
1.576527820738509583e-02
1.478298234696621277e-02
1.380068648654729502e-02
1.281839062612837032e-02
1.183609476570942481e-02
1.085379890529054522e-02
9.871503044871620530e-03
8.889207184452702776e-03
7.906911324033757266e-03
6.924615463614839511e-03
5.942319603195952982e-03
4.960023742777007472e-03
3.977727882358089717e-03
2.995432021939171963e-03
2.013136161520281964e-03
1.030840301101336454e-03
4.854444068241869914e-05
-9.337514197365059943e-04
-1.916047280155389054e-03
-2.898343140574341503e-03
-3.880639000993280074e-03
-4.862934861412177012e-03
-5.845230721831060072e-03
-6.827526582250005582e-03
-7.809822442668958031e-03
-8.792118303087848030e-03
-9.774414163506765785e-03
-1.075671002392568354e-02
-1.173900588434462905e-02
-1.272130174476351905e-02
-1.370359760518243680e-02
-1.468589346560135456e-02
-1.566818932602030007e-02
-1.665048518643918313e-02
-1.763278104685810088e-02
-1.861507690727704639e-02
-1.959737276769597109e-02
-2.057966862811488884e-02
-2.156196448853377190e-02
-2.254426034895271741e-02
-2.852655620937163961e-02
-2.950885206979056430e-02
